1.955416964751948150e-01
1.320931547089857272e+00
9.745171195279277443e-01
1.644323828426814682e+00
6.992033272129795085e-01
1.389474554287307262e+00
8.925626983091032862e-01
5.200169246392314371e-01
1.595035502076557421e+00
5.353324738046589815e-01
1.667281306988016798e+00
1.938843895575589338e-01
-1.960698338328339396e-01
5.940398386399425856e-01
8.176226596273576952e-01
1.103192894034981553e+00
8.615780114142370660e-01
1.705692374958986290e+00
2.271795276407465369e+00
1.325267120263839971e-02
6.651645467884592655e-01
9.005183019902230912e-01
1.407192100341523089e+00
1.919387539204449045e+00
1.312118010066363416e+00
2.533161065357934838e+00
4.498261349716996538e-01
6.168525891157021768e-01
1.770590365609336914e-01
2.600083368060653211e+00
9.307187010740638478e-01
1.083209492143858421e+00
6.730753248236089892e-01
9.542028119927131735e-01
6.955399383031155569e-01
2.923010130400006901e+00
9.213409964982156586e-01
4.179342774349863454e-01
-6.179822361167124356e-01
1.867260817277752283e+00
-4.043708522015454498e-02
1.650421424940304860e+00
3.699645856258649168e+00
1.802024513966532293e+00
-9.692125776857674069e-02
8.219455537615494300e-01
5.771295223827987986e-01
6.695994524907781242e-01
-1.111627782606798842e-01
2.579942493246815127e-01
3.574759193738217711e+00
2.073213323846623712e+00
-8.661345064004291050e-01
3.528230734413448921e-01
2.082240807379736935e+00
1.176670315560168767e+00
1.646717672074831107e-01
-6.949983155172139160e-01
2.133417231177249462e+00
2.048530722768571621e+00
-1.128325370426709995e+00
-4.371393945822026339e-01
1.177937105750488822e+00
2.394422746285972181e+00
1.291320185813112253e+00
9.179938060273413747e-01
1.644242612086333821e+00
1.328079947582906595e+00
1.857432748705801551e+00
6.303071948563476745e-02
1.180074955856418750e+00
-4.233705863336940656e-01
6.322442221419521946e-01
-5.232879898617974757e-01
3.652283014928079385e-01
1.987403841563606832e+00
-1.601962152611080548e-02
3.045723746848994828e+00
1.249998518759391608e+00
1.651162529731628581e+00
-2.660235388176008797e-01
2.374155600079876027e+00
3.900948708437524948e-01
1.030757945177461776e+00
1.819656677253163490e+00
2.454313731755706662e+00
4.163235535847381596e-01
1.415347451784239041e+00
1.667025777656984786e+00
1.869495302124578817e+00
-2.027033265961442066e-01
3.861769176055260822e+00
-1.681592447563931447e+00
-1.688117588542505931e-01
4.158357774293814924e-01
1.818249697408036436e+00
2.590437231247939120e+00
7.417117675376061481e-01
1.447029038968770109e+00
2.938419742305224069e+00
6.096806500594011968e-01
4.193036624101257326e-01
2.948986970897008675e+00
-8.625513433601015301e-01
4.316434241779750769e-01
1.979224025401876030e+00
1.895363889194960905e+00
7.637375511958417462e-01
1.441097932361239176e+00
7.586007517962789493e-03
1.295504986124330848e+00
1.042159693827660938e+00
1.762139020936818179e+00
1.627956474117191021e+00
1.107123244287848252e+00
-5.552628397478329703e-01
-1.905854175012247520e+00
1.755762833828748981e+00
-2.995622487697466862e-01
1.349775122045852038e-01
-1.879942750624448156e-01
2.118549218514120813e-02
-9.630012480762526472e-01
5.214688052303318999e-01
2.082236075278939946e+00
2.103087090511970736e+00
1.689981454801306571e+00
1.321378760562239130e+00
3.995347760586984709e-01
8.302905541669285405e-01
-3.945683493361997751e-01
7.867517112358646258e-01
2.284493380054219092e+00
1.585636338771536202e+00
4.317278534823520975e-01
9.561688001289943006e-01
1.952586744786408701e+00
6.726245719494738928e-01
5.423017472006104178e-01
1.351326017619857378e+00
6.405607670908898266e-01
4.855017674683518303e-01
8.885332915348764793e-03
-2.373171532828486363e-01
3.375104712263155005e-01
1.757102582893297349e+00
-2.598181225468703115e-01
3.340140575416685742e-01
1.387700915402593660e+00
2.148290367009761503e+00
1.910485828828494270e+00
8.137191313605864895e-01
1.238272736797663143e-04
-1.349335392904285058e-01
1.637671916468642186e+00
7.557213881458907379e-01
1.235716709378076983e+00
5.247719545840368038e-02
1.697369165224325904e+00
1.883317001388653544e+00
1.422883213219176213e+00
6.015482728012102598e-01
1.199243064484384336e+00
3.773649366779561198e-01
5.549463768985223311e-01
-5.313820894846823517e-01
9.202558767077774204e-01
-5.921310625841169628e-01
1.175151804965169244e+00
-7.920930545845721316e-01
-9.828566399128351172e-01
4.095890742149309594e-01
7.094818511370861724e-01
1.821016375672107390e+00
2.907249812306028636e-01
9.464318608363841978e-01
1.379633245762587057e-01
1.774018183400344340e+00
1.645667615393547667e+00
1.587940270199053039e-01
2.762810602371835955e+00
3.958519943873824998e-01
6.141423907591629927e-01
4.989943269843045703e-01
1.582234853894917137e+00
5.281323308887720946e-01
-1.599087727790513558e-01
1.922108223154673556e+00
5.881171614255691349e-01
1.401821901556502770e+00
3.279040017903137372e+00
1.972151067863354701e+00
1.119971955266008345e+00
-1.162094511859820933e+00
2.056475966935547017e-01
8.252219210343761935e-01
4.709372728591980639e-01
1.037780758004452464e+00
-4.108836670319562234e-01
1.839709712286842658e+00
-1.157332189141291323e-01
-3.447712097079269622e-01
1.753343740090965497e+00
3.009270386398109842e+00
3.674307758934979296e-01
7.520170517918774999e-01
1.412862338751386115e+00
7.576747175917120103e-02
2.373427923075890789e+00
-1.749677674821767948e+00
1.023128548789713044e+00
6.583308280638391352e-01
-1.372553306105821491e-01
2.134376860047081159e+00
-2.580377101081778868e-01
-7.642623405696578054e-01
1.195315660894588516e+00
-1.822736711582796598e+00
1.699485532764380968e-01
1.873942869581685322e+00
2.427479015317882016e+00
3.191380532048538887e-01
2.965896789433206671e+00
1.657740424346590080e+00
2.634603339528544641e+00
6.388353441606523520e-01
7.680138458436507332e-01
2.489346616826972891e+00
6.746858548167494751e-01
-3.511138474031305634e-02
-1.055354607357634755e-01
1.661163917431822012e+00
4.595860661345968490e-01
-7.180669314871550579e-01
6.635702597453392304e-01
1.744706574268418020e+00
5.785592427337009624e-01
1.531604304429430297e+00
1.736768174335747927e+00
1.349369666366639464e+00
1.279165466545721497e+00
4.554743426402292350e-01
2.046646841193940691e+00
-9.376005067589328057e-01
9.412116978349027718e-02
2.510509506627179199e+00
-3.473160302462408033e-01
6.958620434628135509e-01
9.950330399108374690e-01
2.457925119300611305e-01
2.219655757027481080e-01
1.014384344488164169e+00
-3.176574409799628462e-01
1.675736069067070400e+00
6.047969352338280480e-01
4.487676019396794613e-01
2.254633207573902176e+00
4.187380509795470829e-01
1.237118610909716532e+00
2.671333446524276400e+00
1.205563111345260285e+00
9.334137813946968842e-01
-1.151198369102471197e+00
2.067898222293128585e-01
1.620613083918565955e+00
7.200371564137937330e-01
1.466928935000517464e+00
1.424802942524912241e+00
-2.429740887156828233e-01
1.705147909989962907e+00
8.690050092160012118e-01
-5.424032556421012341e-01
-1.743725754828484575e-01
7.575584918269404611e-01
-4.975608113358402917e-01
2.756892881801699335e+00
-1.015789908869146885e-01
-1.299383738770478303e+00
2.005781137264688319e+00
-1.105504191780042778e+00
2.342602694120999196e+00
1.524464269318224208e+00
8.819412957930330421e-01
4.055946742225455814e-01
1.036581870628530577e+00
1.908063048091150016e+00
1.996708648091966687e+00
1.188265058633852123e+00
5.868964826888987130e-01
6.364129373431037795e-02
7.281892530182059176e-01
-9.820752311211911056e-02
-2.093730521736762995e-01
1.238406459551304017e+00
-9.620323618668225052e-02
1.060472202205088088e+00
1.486553502480552735e+00
1.989401727298246270e+00
2.909396282765166486e+00
1.703814879679815819e-01
1.424006989506303444e+00
-5.668027604391743246e-01
1.764998946196175922e+00
1.387625479959237573e+00
2.137872516391296163e+00
6.908910450301519734e-01
1.579357211792798754e+00
-3.126261853892686737e-02
1.027985119046778584e+00
2.279800237056269552e+00
1.462605723711761341e+00
1.235474332473358583e+00
3.439898635716497344e-01
-1.184163624960646199e+00
9.995054926134476769e-01
4.738969515983895153e-01
1.888520271828549646e+00
1.227256219764905065e-02
1.219147368437681900e+00
5.696929296986292801e-01
7.832012207087643008e-01
1.448390052293247576e+00
1.661749858344465647e+00
1.503481664359641590e+00
6.341274073886860041e-01
1.736742879068524203e+00
3.514548627387085178e-01
1.376234900764246483e+00
1.013141410454543756e+00
-5.149834891691360550e-01
2.960258141112754871e+00
2.371908447164752687e+00
-5.741801583384646968e-01
-4.557584515534207625e-01
1.098326497648480782e+00
-1.326051176682186750e+00
2.324712683770069788e+00
1.411873704714274869e+00
1.591773578410564660e+00
7.112273968557809578e-01
1.360538057882254792e+00
1.628807277124314723e+00
2.710803911347476891e-01
3.070066942164582091e-01
3.229685197409926101e-01
1.003294147944750137e+00
1.132901669323811200e+00
1.963391599764205964e+00
1.384443730068487977e+00
2.330399669351733927e+00
7.687058289888815121e-02
-1.307557984385556704e-01
-4.672251926466830518e-01
1.225679192888789348e+00
1.164168433929771762e+00
3.420136321675786295e-01
-2.636021758562869799e-01
1.814755640038887119e+00
3.427929977826528196e-01
2.256569003203798385e+00
9.063778556421344668e-01
-1.817820371691056813e-01
1.394044283301140830e+00
1.962953791750282173e+00
4.235206070159459601e-01
1.501264133796742506e-01
1.222821188790137015e+00
1.407704478393337233e+00
1.777419355548549795e+00
1.056718040719575091e+00
1.012610932520788376e+00
1.865131266147284972e+00
3.638883264191857814e-01
3.060859542972922842e+00
2.981737859332923790e+00
1.636507488489842288e+00
2.161151693402550755e+00
3.860529666352359168e-01
9.866794299923058453e-01
7.074483254798387133e-01
-2.504866336745914523e-02
2.615114407146814202e+00
1.671912879295290422e+00
-1.726415497651752062e-01
7.594435833605114317e-01
-2.383377470125151998e-01
1.249995679491563649e+00
1.279425803491031077e+00
2.030094927029376439e+00
1.835574053182974064e+00
9.654633364147772179e-01
6.773432646494466081e-01
9.873102888260563148e-01
2.962264886652945961e+00
1.913136028703533498e+00
9.115407386334514195e-01
8.421524218150793217e-01
6.626802594612555275e-01
6.804174824437906333e-01
2.268899691880404745e+00
-7.486673787987723205e-01
9.308697935975391857e-01
2.526216534126310975e+00
1.531191345192113085e+00
4.270559663617188306e-01
6.920893744043150608e-01
1.052459496808744621e+00
2.717348468596899380e+00
2.669366914468360719e+00
1.310709757104877582e+00
1.226606157732285318e+00
-1.279479663163969327e-01
2.350121050237653719e+00
-3.383296208287864815e-01
2.730373997291525079e+00
2.947725125912040056e+00
1.337391346233208100e+00
2.651652861609826051e+00
1.302351048681984258e+00
1.119723958456027013e-01
1.521866003637937226e+00
1.002730045762814326e+00
1.999476324085149859e+00
1.659870768177667877e+00
1.442304365612012251e+00
7.754377261425471346e-03
1.215511957980449420e+00
1.903906981957137479e+00
2.931974833966561000e+00
1.554627693752400397e+00
1.244714854857019715e-01
1.249441055457636285e-01
-2.785641403127980809e-01
1.765764161364215878e+00
1.440074982556916128e+00
4.377352383126806856e-01
2.566662958864329713e+00
4.845183976750264687e-01
2.966780620335649044e+00
2.143436533910181740e+00
1.713909448356374821e+00
7.835018205615489340e-01
-4.684493697149738622e-02
1.874476362866003498e+00
7.730269581081046226e-01
4.176303869078138442e-01
1.746347737184730242e-01
8.909111884635965151e-01
7.368988637602703617e-01
2.342436872040163820e+00
1.034036575523137325e+00
1.840808703502605281e+00
1.222255711877100248e+00
2.185095238823038244e+00
-2.808534295104170297e-01
1.107492097942147424e+00
5.787103918530177582e-01
-9.257965513255506096e-02
1.985433594397428836e+00
7.174973986433887951e-01
5.169955041268177176e-01
1.793019513036164359e+00
-5.666705817417474478e-01
1.693590095737922407e+00
2.062630592577431088e+00
7.484611799681710753e-01
2.074175028468559390e+00
2.487561475728023552e+00
5.320576243125261229e-01
-7.467909331535547146e-01
7.294216522908678613e-01
2.510846554155018451e-01
2.173657811103988369e-01
7.733191003542322361e-01
-1.396594264484784631e+00
6.133081967193363404e-01
5.495688256060189403e-01
1.465829973893385541e-01
1.810875478063724398e+00
2.041719634781119730e+00
1.708774891054720690e-01
1.284497618175009848e+00
7.065607183829949456e-01
2.241982142873132133e+00
1.343465567487525547e+00
2.000920803778087009e+00
5.450951392529186368e-01
-2.581575937520135255e-01
3.324974698828748743e-01
6.146200614070148616e-01
-1.482595588470250192e+00
1.288283280191250935e+00
8.843626079500487291e-01
1.688298454975436957e+00
8.526981279876879594e-01
2.199292143248671838e+00
2.047347563706880536e+00
1.395852263289482531e+00
6.383426749003460188e-01
9.958507525736708388e-01
8.525865106853480757e-01
2.395989281937171977e+00
1.437599580285265022e+00
-8.757351877778536409e-01
2.756814174530003658e+00
1.651082364467570507e+00
3.104637280921008546e+00
1.988566466229138463e+00
2.597730481348196285e+00
5.391117180727654778e-01
5.852112919500256361e-01
2.296005160688913804e+00
5.668093965803918666e-01
1.444761922350372707e+00
2.438308198360367385e+00
-1.235766943358247438e-01
6.029785814185473214e-02
-5.524421927062483917e-01
1.421328887025330001e+00
-5.178463371376920144e-01
2.675853859403796164e+00
9.237619853309431139e-02
2.135765116221212123e-01
-3.578188814362093240e-01
1.609765099536973887e-01
-2.171911229641956265e-01
8.223183065254238144e-01
1.687298779647985913e+00
2.093948629623766156e+00
2.387703025652443856e+00
2.272700492628065394e+00
1.341376795774955610e+00
2.695111464595373540e+00
9.900258386184508375e-01
1.522955897543963655e+00
-4.159639620624391299e-01
1.508118430169585800e+00
1.341447068841488122e+00
1.536933964679385589e+00
1.195453733504225458e+00
2.254698583365552622e+00
3.381398073420811556e+00
2.004310519877800179e+00
7.193359078794897554e-01
-3.139069534519574045e-01
6.648911584492865900e-01
-1.531752349038873806e+00
8.064328242371247013e-01
2.014618895308644575e+00
2.209487751106401277e+00
3.577029672058107401e+00
8.180212839539587888e-01
1.191027283213575094e+00
6.800309333839444914e-01
-4.745854100856039537e-04
1.745864822960526030e+00
-1.444850982544416240e+00
6.444227108159839013e-01
5.668321631038777397e-01
2.555275474908901945e+00
7.105062941463387016e-01
-1.800343836952138510e-01
1.805688160424958166e+00
3.321310074613831320e-01
7.064854520267103144e-01
7.156062149144943874e-01
1.411236112540100507e+00
8.639574303428809721e-01
4.696251062805132381e-01
1.448355019549820266e+00
2.012371795390695439e+00
8.178310443728594725e-01
-5.343663347871412395e-01
1.579458103961090210e+00
8.894563976525562410e-01
6.678581057484742622e-01
-3.555610968519504755e-01
1.964203674710508496e-01
4.725992030198734595e-01
9.649632686931255421e-01
1.956927330310305857e+00
2.512999281835308629e+00
5.875021484134983485e-01
1.097700514171658703e+00
1.453603869412960048e+00
1.090651910786481382e+00
4.671184127691475618e-01
1.056443176411574036e+00
1.410314501744238003e+00
1.276316995555300871e+00
2.056949054538512733e+00
2.674250690187820467e+00
4.789550784303128195e-01
5.353758344631218691e-01
1.207206509434925579e+00
1.677547442756061269e+00
1.689168855691221882e+00
1.357066019653310862e+00
1.609956630231168084e+00
8.467754686029174138e-01
2.179559210346217135e+00
6.947868494183164767e-01
2.446709264593283084e-02
5.475505895097332321e-01
2.075573454698790954e+00
1.286160898931641094e+00
1.336519191617124847e+00
1.182842965208272368e+00
2.191960060878384464e+00
8.397778383452695339e-01
5.937891091544640343e-01
3.201301259763311702e+00
-1.356912626114277209e-01
1.825330828500306701e+00
1.513131883429142510e+00
8.007940612045056916e-01
-1.250202410834709177e+00
2.115925649871268632e+00
8.220722761509429155e-01
1.691876359238240868e+00
1.680614541082220192e+00
7.313656292339311138e-01
2.579180367452338363e-02
1.442534701290100863e+00
1.662598683854443982e+00
1.643930472420848998e+00
1.164539560489897596e+00
-2.077874974556848109e-01
3.173707107819921269e+00
-1.698245122515438243e+00
2.511500364997281576e+00
1.177143886448305921e+00
2.896825543635235256e+00
-3.125305711216055382e-01
6.885596611646030984e-01
1.761650339711025914e+00
-9.916469896209807455e-01
1.410928310054948565e-01
2.169063353339086841e+00
1.528322350435915578e+00
1.621782037928795717e+00
1.070759223896226908e+00
1.352489549607728714e+00
2.034576344258978153e+00
4.276816757975037131e-01
-3.828200466017748216e-01
1.386656706659823435e+00
2.975181810953123396e+00
7.834331955043218887e-01
6.688611846157388463e-02
7.373045536163116420e-01
2.010059370247181398e+00
-2.611554073650768082e-01
3.179488695853167179e+00
-1.735165158839349520e+00
2.728037224304551422e-01
1.148653593054459243e+00
1.773142360790855410e+00
7.817302163713339969e-01
8.282200376899966354e-01
2.131618311141584066e+00
1.215331720876816401e+00
-9.402720526103214294e-01
1.066276259449572050e+00
9.196779605678038205e-01
-2.512134804476786609e-01
3.571814155361455745e-01
-4.259657548391537762e-01
1.336910340259745755e+00
4.293505267565017602e-01
1.969949951572471658e-01
6.213504984108992879e-01
9.139930039898758185e-01
1.356115576473617690e+00
-1.660624259193399510e-01
6.951655722569338725e-01
1.290400078122977412e+00
1.338807577644017810e+00
1.586434110651959717e-01
-1.831085160872103490e-01
4.751756642090294580e-01
1.253094165810775928e+00
2.735882422363713484e+00
2.894870090752552194e+00
1.731117836286511391e+00
7.876882755827913085e-01
2.971095486448999345e+00
1.404236418737661252e+00
8.469118505832755606e-01
2.010422271775670344e-01
9.751914011779173608e-01
1.190464632346259988e+00
-6.885860625376485356e-01
1.023757828548380822e+00
1.081125342177665205e+00
1.598498798404342391e+00
8.050022607449318635e-01
1.164555414191552618e+00
1.597580327447679638e-01
1.058046056443927574e-01
-4.109534148234776918e-01
1.487011543121233625e+00
1.102199627956378158e+00
2.394433281605268249e+00
6.523077765038081122e-01
-7.870969157444338560e-01
2.493318482613311460e-01
2.140138654657854911e-01
-1.325353617156723729e+00
2.309664841299878368e+00
4.706395121394250092e-01
1.253004396388802899e+00
3.871206665653870616e+00
-4.134915442880804370e-02
8.367680256881663281e-01
9.468799615347921472e-01
3.713723671710437158e-01
5.556847226040013688e-01
2.062890001245649696e+00
-7.612436166890295119e-01
1.169057756684575455e+00
4.177382974962494666e-01
2.624884677506647002e+00
3.475727494499198933e-01
2.661876780352888661e-01
7.112001084125652017e-02
1.165776647057019222e+00
1.825808271173384068e+00
1.067244126199314636e+00
2.104328480982993632e+00
1.016747422912026577e+00
-7.285767009770793834e-02
1.243952498440123566e+00
-1.647512987577237631e-01
-2.727069132989290434e-01
1.621331427487864740e+00
9.144055631400536122e-01
-1.450133333705407868e-01
6.600268886990063866e-01
8.259399787051224795e-01
4.657963860038205617e-01
4.831452236149597068e-01
2.091039321216299207e+00
4.916806705983319814e-01
-8.751116405293524192e-01
-7.200160629549168245e-01
-8.292820733662493726e-01
4.345225671198698070e-01
2.603701562142494375e+00
-5.220212182528478628e-01
-4.031979365439406493e-01
1.492905715444806436e+00
1.036116259316080646e+00
7.459545367442197428e-01
9.372179387849959298e-01
1.036712602080871015e+00
2.236073516357392155e+00
6.177921030965363158e-01
-6.097734638680463171e-02
-2.575773563709966574e-01
8.687083979307482773e-01
4.618443121903954562e-01
1.857022740848485176e+00
2.160474435635602042e+00
1.033090295419379467e+00
7.188591803357191612e-01
-5.567680583156378038e-01
-1.847240768256641630e-01
4.610151915970180925e-01
1.831221886693179979e+00
2.481755448829324529e+00
1.677609397567506822e+00
6.834366014806110279e-01
-1.280384747246565702e-01
1.449728071913460870e-01
8.167893578676770350e-01
1.880629935003609976e+00
1.308010598422642889e+00
-1.210384327067145716e+00
2.404052841656438844e+00
1.677990418223500590e+00
3.511851218436745636e-02
-1.344743804595294190e+00
5.885123734333239653e-01
4.780898870510297272e-01
1.754302699424343803e+00
1.563192543575355753e+00
2.450872525114005995e+00
3.683810303401592323e-01
2.983573426851494848e+00
-2.827845734927223464e-01
1.626266676419283908e+00
8.417548707703265132e-01
2.239451718178339323e+00
1.292237923648050124e+00
5.639988453035866822e-01
1.982139906714797117e+00
1.813988834745429823e+00
-5.491775515723222867e-01
1.903550510111515770e+00
1.128930403947201677e+00
9.850385820431758477e-01
3.249293130594795853e-01
-2.069837463662627108e-01
1.438433767667494312e+00
1.075704378524672711e+00
1.543410644537775545e+00
1.993143839181179988e+00
1.025819627913691523e+00
2.516388811423948990e+00
8.098850239752537483e-01
1.032143532766053973e+00
-7.413162136109860967e-01
1.722777792757439475e+00
-5.710820149874435980e-01
1.495449113540717079e+00
2.149654888764810368e-01
1.712031893892052015e+00
2.196578828420309826e+00
6.297220546973067989e-01
1.010539730938223579e+00
2.251078833366847665e+00
1.068140586543141035e+00
2.879126088304642117e-01
1.737870399098699892e+00
6.502127931461887389e-01
1.339881821483986712e+00
2.197172462380866165e+00
1.153855818646296827e+00
1.023954760357328242e+00
-4.651631195421919163e-01
1.962766450350983405e+00
1.333712172201189983e+00
-3.130122726463580030e-01
4.290924098331712067e-01
1.371055081190600600e+00
6.554238961263219032e-01
8.045022174578990715e-01
2.466742721958095075e+00
9.682544835484452328e-01
8.710901625412419413e-01
1.227518701888094865e+00
1.556558022726132862e+00
1.196017357407352932e+00
1.003610147296850386e+00
-5.497747596011826055e-02
1.767357449398000213e+00
5.955457293603880764e-01
6.387689181503892755e-01
9.044388546459002365e-01
1.372683346740377619e-02
-2.173780033163873249e+00
2.755832541751244591e+00
-3.405480121418120731e-01
7.768364643495413446e-01
2.219998212605600152e+00
8.119163144785457309e-02
2.195579693334126503e+00
1.880263326944624502e+00
-8.096873157902571005e-01
8.418491478433302033e-01
7.937227066599258363e-01
1.911705976115988248e+00
-4.801646414750539993e-01
1.700738473511622662e-01
1.335369352491912132e+00
1.351795869444627485e+00
1.248200438210187890e+00
1.822361247956684194e+00
4.465314619332968471e-01
1.419845882490120115e+00
1.373761847668371949e+00
1.555882339896737188e+00
1.622271550479179147e+00
1.427650973673864065e-01
6.536285842658848821e-01
1.896667064513588130e+00
3.785494613215801829e-01
9.615181844323421601e-01
-7.529023346543557427e-01
1.114174776963801072e+00
-2.160645667957016514e+00
2.397159290016117161e+00
-7.223782923891142183e-02
1.297465545818415888e+00
1.650956610588555806e+00
1.505142149723744049e+00
2.887219217706688212e+00
8.441597041412651770e-01
1.187455597488121573e+00
-5.682306382493984565e-02
5.425878979624874088e-01
2.368947374581137133e+00
3.487399186304451781e+00
-9.931283067719969271e-01
3.245880780048490122e-01
-1.876649270072126008e-01
6.019454983991738839e-01
1.207373177254418284e+00
1.691976790916107642e-01
5.691397709339729438e-02
3.999219402849271132e-01
1.819485766286838224e+00
1.500987275113180974e+00
3.720440681800246674e-01
1.568857908782472776e+00
1.782429642152687066e+00
1.426916788255889079e+00
1.813688259176672091e+00
1.296604243344325447e+00
1.622157865052262338e+00
1.144526924075655261e+00
8.375212056078684686e-01
2.648394252860994058e+00
2.158860299405169769e+00
1.562994910677050875e+00
1.833979079901346676e+00
8.718460427072014518e-01
2.720314692717049176e+00
-2.466755711091734860e-01
-3.427589471988572445e-01
1.978818649291982812e+00
-1.732325006767216902e-01
1.166016392839235305e+00
1.584996250166731180e+00
1.045969742518538803e+00
1.524638337903853058e-01
-4.777417916193309466e-01
-8.690374752973399897e-01
7.455623190637552522e-01
-6.426657334359464624e-01
4.995600174394406734e-01
1.529266887081614623e+00
3.018165508424946797e+00
1.969496609269502319e+00
3.314720439753507719e+00
5.814870480859188895e-01
2.064722561458617989e+00
1.128980431223524539e+00
8.963751973772253745e-01
1.044729110651485771e+00
1.828717233358357674e+00
1.893139159274806360e+00
1.686522491228939158e+00
7.254410280666903077e-01
1.341998900317755927e+00
2.922835737119067190e+00
5.635855298568053229e-01
1.585864500183462145e+00
9.234806067492060677e-01
1.013743740734638576e+00
-3.215427020268601943e-02
1.341208007221148302e+00
-6.953302208110201388e-01
7.108327069487992977e-01
8.879885976577528428e-01
6.624279285500209724e-01
-9.513321470860058859e-02
1.634935065913559304e+00
1.168873164783488017e+00
8.205600495868284883e-01
-1.858941887498464229e-01
9.702371363049603348e-01
9.252937088438372149e-01
2.017104323559042456e+00
8.269597529595472674e-01
1.175083784270978482e+00
1.468890607592995945e+00
6.087508005018165136e-01
2.754053136436903859e+00
1.264630861262739936e-01
7.054694901471754154e-01
-2.351701923505191694e-01
1.138271607177935296e+00
9.575056557029814064e-01
2.295787389322619276e+00
1.475768519394408562e+00
9.358776553830543410e-01
-2.178224732447331391e-02
1.763332140700460293e+00
1.227228989909421752e+00
3.447540606923873430e-01
1.598547343979699109e+00
2.248004793838708437e+00
1.368625481039702496e+00
2.026531183639646461e+00
8.951244480508113721e-01
2.520818195109327808e-01
2.320133177852086170e+00
1.781987240303017472e+00
5.358402707837177648e-01
2.291516209487244327e-01
9.151508473474989636e-02
4.136886524149497868e-01
3.281182511943014024e+00
1.058776356411412989e+00
9.783710038224592287e-01
1.188094041367705023e+00
1.333698831170579524e+00
9.652949114718749613e-01
