9.995521999999999707e+02 4.244571428571428662e-01 2.334285714285714089e-02
9.975493428571429604e+02 2.182628571428571362e+00 2.680285714285714493e-01
9.909578857142857942e+02 7.991657142857142127e+00 1.050457142857142756e+00
9.760811714285714515e+02 2.041834285714285713e+01 3.500485714285713978e+00
9.549411714285714652e+02 3.722922857142857112e+01 7.829600000000000115e+00
9.363935999999999922e+02 4.985931428571428370e+01 1.374708571428571346e+01
9.209557714285714383e+02 5.830182857142856534e+01 2.074239999999999995e+01
9.074189999999999827e+02 6.367902857142856732e+01 2.890197142857142509e+01
8.963220285714285183e+02 6.419742857142857417e+01 3.948054285714285783e+01
8.879797714285714392e+02 6.163302857142856794e+01 5.038719999999999999e+01
8.825433428571428749e+02 5.449080000000000013e+01 6.296585714285714630e+01
8.787965714285714967e+02 4.536505714285713964e+01 7.583837142857142055e+01
8.761960571428570574e+02 3.677674285714285674e+01 8.702719999999999345e+01
8.742718571428571295e+02 2.907059999999999889e+01 9.665754285714284322e+01
8.729987142857141862e+02 2.289437142857143215e+01 1.041069142857142822e+02
8.720070571428573203e+02 1.823185714285714099e+01 1.097610857142856986e+02
8.710399999999999636e+02 1.381980000000000075e+01 1.151401999999999930e+02
8.701258285714285421e+02 1.099911428571428473e+01 1.188750571428571305e+02
8.693280857142856348e+02 9.130371428571429249e+00 1.215415428571428578e+02
8.685270857142858176e+02 8.221285714285714974e+00 1.232516285714285971e+02
