2.570000100000000032e+01
2.670000100000000032e+01
2.679999899999999968e+01
2.900000000000000000e+01
2.810000000000000142e+01
2.629999899999999968e+01
2.400000000000000000e+01
2.500000000000000000e+01
2.550000000000000000e+01
2.100000000000000000e+01
2.210000000000000142e+01
2.160000000000000142e+01
2.160000000000000142e+01
2.170000100000000032e+01
2.160000000000000142e+01
2.139999999999999858e+01
2.089999999999999858e+01
2.220000100000000032e+01
2.289999999999999858e+01
2.300000000000000000e+01
2.300000000000000000e+01
2.270000100000000032e+01
2.360000000000000142e+01
2.310000000000000142e+01
2.329999899999999968e+01
2.350000000000000000e+01
2.370000100000000032e+01
2.389999999999999858e+01
2.400000000000000000e+01
2.520000100000000032e+01
2.520000100000000032e+01
2.679999899999999968e+01
2.650000000000000000e+01
2.770000100000000032e+01
2.700000000000000000e+01
2.750000000000000000e+01
2.760000000000000142e+01
2.739999999999999858e+01
2.689999999999999858e+01
2.379999899999999968e+01
2.410000000000000142e+01
2.410000000000000142e+01
2.320000100000000032e+01
2.360000000000000142e+01
2.279999899999999968e+01
2.279999899999999968e+01
2.229999899999999968e+01
2.139999999999999858e+01
2.170000100000000032e+01
2.220000100000000032e+01
2.270000100000000032e+01
2.270000100000000032e+01
2.260000000000000142e+01
2.079999899999999968e+01
2.150000000000000000e+01
2.200000000000000000e+01
2.189999999999999858e+01
2.210000000000000142e+01
2.229999899999999968e+01
2.250000000000000000e+01
2.339999999999999858e+01
2.489999999999999858e+01
2.520000100000000032e+01
2.470000100000000032e+01
3.070000100000000032e+01
3.179999899999999968e+01
3.400000000000000000e+01
3.609999799999999937e+01
3.620000100000000032e+01
3.540000200000000063e+01
3.529999899999999968e+01
3.509999799999999937e+01
3.520000100000000032e+01
3.529999899999999968e+01
3.500000000000000000e+01
3.500000000000000000e+01
3.470000100000000032e+01
3.470000100000000032e+01
3.470000100000000032e+01
3.459999799999999937e+01
3.429999899999999968e+01
3.470000100000000032e+01
3.479999899999999968e+01
3.479999899999999968e+01
3.500000000000000000e+01
3.470000100000000032e+01
3.450000000000000000e+01
3.409999799999999937e+01
3.400000000000000000e+01
3.409999799999999937e+01
3.379999899999999968e+01
3.420000100000000032e+01
3.420000100000000032e+01
3.470000100000000032e+01
3.450000000000000000e+01
3.440000200000000063e+01
3.470000100000000032e+01
3.459999799999999937e+01
3.420000100000000032e+01
3.450000000000000000e+01
3.509999799999999937e+01
3.479999899999999968e+01
3.470000100000000032e+01
3.479999899999999968e+01
3.470000100000000032e+01
3.490000200000000063e+01
3.500000000000000000e+01
3.459999799999999937e+01
3.500000000000000000e+01
3.540000200000000063e+01
3.559999799999999937e+01
3.590000200000000063e+01
3.570000100000000032e+01
3.559999799999999937e+01
3.559999799999999937e+01
3.520000100000000032e+01
3.559999799999999937e+01
3.590000200000000063e+01
3.579999899999999968e+01
3.659999799999999937e+01
3.579999899999999968e+01
3.550000000000000000e+01
3.600000000000000000e+01
3.509999799999999937e+01
3.500000000000000000e+01
3.459999799999999937e+01
3.440000200000000063e+01
3.379999899999999968e+01
3.400000000000000000e+01
3.409999799999999937e+01
3.350000000000000000e+01
3.329999899999999968e+01
3.350000000000000000e+01
3.420000100000000032e+01
3.409999799999999937e+01
3.440000200000000063e+01
3.440000200000000063e+01
3.420000100000000032e+01
3.409999799999999937e+01
3.440000200000000063e+01
3.390000200000000063e+01
3.370000100000000032e+01
3.420000100000000032e+01
3.429999899999999968e+01
3.450000000000000000e+01
3.429999899999999968e+01
3.379999899999999968e+01
3.409999799999999937e+01
3.409999799999999937e+01
3.450000000000000000e+01
