#	output gap, 	inflation rate, 	investments gap, 	consumption gap, 	unemployment rate
2.062206904538310681e-02 4.836416137321553066e-05 5.737743836531805641e-02 3.067977783688391469e-03 3.733333333333333642e-02
2.436126435403096480e-02 1.101069563282597308e-03 1.117330044057691651e-01 5.462903780715677726e-03 3.666666666666666685e-02
1.755043077301632337e-02 1.067312448975743511e-02 1.161957105905564447e-01 -2.234603632407683449e-03 3.766666666666666774e-02
6.191951377413573709e-03 -4.629501102059285778e-03 6.132270714499643560e-02 -3.465134708508621486e-03 3.833333333333333731e-02
-2.007166874549604074e-02 -1.291528883571479991e-02 -1.073220274678057251e-01 -1.103507140353343630e-02 4.666666666666666879e-02
-3.606200123418901171e-02 -1.779151325199268552e-02 -2.566942214618679330e-01 -5.036829657565355944e-03 5.866666666666667251e-02
-3.790516180057679207e-02 -1.284840720149371673e-02 -1.844588174055816765e-01 -1.198322689561059917e-02 6.700000000000000400e-02
-5.986096330412937760e-02 -7.014054781762424362e-03 -2.429830319980421649e-01 -6.652312065358323423e-03 6.966666666666666841e-02
-3.386519678451538340e-02 -9.753515930878697837e-03 -3.860126008661080022e-02 6.585919921260341425e-04 6.400000000000000133e-02
-1.725814638242173515e-02 -4.128179605629056503e-03 5.416456614678999415e-02 7.819628185411708898e-03 5.566666666666666291e-02
7.357835987977345837e-03 1.380414682219310851e-02 1.277571474401097973e-01 4.873832276663048191e-02 4.633333333333333054e-02
1.335244872694385521e-02 1.080052205721904190e-02 2.388002904107109359e-01 9.094995517732407109e-03 4.233333333333333393e-02
1.395702445307822614e-02 2.760213719123172371e-02 1.229253444564850639e-01 2.399611564165038402e-02 3.500000000000000333e-02
1.838914763870569402e-02 -1.124446089160513473e-03 1.382820642754092333e-01 -1.360956675922331272e-02 3.099999999999999978e-02
2.629564827030783647e-02 -7.067664747972268735e-03 5.472743923137901589e-02 -1.099168093590918716e-02 3.166666666666666241e-02
1.636095239151114100e-02 3.682934560876316432e-03 -3.500921704314219340e-02 -1.415627924732110188e-02 3.366666666666666419e-02
1.510246217164201710e-02 -8.083661020708787781e-03 -1.575023837036315655e-02 -2.095927078870651883e-02 3.066666666666666846e-02
5.809769128619635126e-03 -6.402529664068956627e-03 -1.005627530296813177e-01 -1.061006148591658871e-02 2.966666666666666757e-02
2.051095326594420953e-03 3.412607551279589480e-03 -5.482607721629140229e-02 -1.492107339480686079e-02 3.233333333333333198e-02
2.380249601124440062e-02 -4.826607834696683419e-03 8.133294610704666638e-03 1.056633542541884907e-02 2.833333333333333537e-02
3.213576301841847283e-02 -7.348787042544713266e-03 2.267390723449480561e-02 1.315096992606790138e-02 2.700000000000000316e-02
3.023733390329841342e-02 -5.760859621724345736e-03 2.141894654604659110e-02 9.890575787220967641e-03 2.566666666666666749e-02
1.535286276540226424e-02 -3.523417019729691013e-03 -6.881017607435424566e-03 -1.766284091949898993e-03 2.733333333333333448e-02
-8.838171600674904482e-03 -5.641050589273777227e-03 -8.933023336742440534e-02 -1.777207652022028128e-02 3.700000000000000511e-02
-2.205910492604346018e-02 -4.596569348764290019e-03 -1.043294811501978003e-01 -2.350431784453466122e-02 5.266666666666666718e-02
-2.933372033386483224e-02 -6.697962225539089154e-03 -1.148622971077628563e-01 -1.995705768267441726e-02 5.799999999999999600e-02
-2.614162694153243649e-02 -6.437453697110906425e-03 -7.620922565169596652e-02 -1.589458726213965889e-02 5.966666666666666646e-02
-1.471211149521867156e-02 -4.873539907701451845e-03 -4.193497248503597064e-02 -4.503346299316035584e-03 5.333333333333332982e-02
5.787087020444836583e-03 -2.868602757246985213e-03 4.464938150618635859e-02 8.388887933750588388e-03 4.733333333333333143e-02
1.451353026673718460e-02 -3.537386592254221362e-03 9.507343851764638032e-02 1.817087731618638458e-02 4.400000000000000439e-02
2.068787233373914347e-02 -6.638379610238720474e-04 1.023543774094370917e-01 2.142393145982612879e-02 4.099999999999999478e-02
1.973999654507530011e-02 2.086083490426049458e-03 1.178871959611047515e-01 2.506850060917553691e-02 4.233333333333333393e-02
9.146724359004210214e-03 2.369009974419467035e-03 8.214123872169487584e-02 1.809285723771481003e-02 4.033333333333333215e-02
1.082443397373555882e-02 -1.723738292213616852e-03 6.803938159400946262e-02 1.302801470698877750e-02 4.200000000000000261e-02
3.632770931812245863e-03 4.744779772420604225e-03 5.334744198158336559e-02 7.101915391472424233e-03 4.133333333333332610e-02
1.360607968081595232e-02 -3.552019050594767968e-03 3.872699591413120146e-02 1.277593726197601143e-02 4.133333333333332610e-02
1.385598359925932499e-02 5.816744725268496730e-03 1.803052959079920470e-02 1.183289521211250417e-02 3.933333333333333126e-02
5.489603794125663683e-03 -6.679974841360403204e-04 1.205988491465159740e-02 5.897105252515189022e-03 4.099999999999999478e-02
9.005389958885778867e-03 -1.674392114839107215e-03 2.968765804707995670e-02 6.184794890661038380e-03 4.233333333333333393e-02
-7.568947949237347927e-03 -7.081468120615386219e-03 -5.562729145849854007e-02 -9.020259464094237956e-04 4.933333333333333320e-02
-4.026734570327139551e-02 3.092896378071086083e-03 -1.313729932289646740e-01 -2.222340177071302492e-02 6.300000000000000044e-02
-4.034835882142129293e-02 -4.842503320169000425e-03 -1.581553597665612543e-01 -2.156083684309528792e-02 7.366666666666667196e-02
-2.441334633153324774e-02 -1.618182453189453973e-03 -9.137949786563304144e-02 -1.280679272087503762e-02 7.333333333333333370e-02
-8.489204947621509234e-03 -2.997028708645710360e-03 -1.745592400952666878e-02 -7.119959183627067034e-03 6.366666666666667695e-02
2.471858421991157684e-03 -4.997212384139859687e-03 2.704161631172219415e-02 3.169842131531375173e-03 5.833333333333332732e-02
1.875906896177426120e-02 -6.225001815203135003e-03 9.281709168338991844e-02 1.065444862373166046e-02 5.099999999999999672e-02
8.831785596202124111e-03 -3.964737138517082649e-03 1.640531094400632384e-02 1.311566293571964081e-02 5.266666666666666718e-02
4.489587618893509102e-03 -3.747596090547644643e-03 3.826734517273955305e-02 6.219206812077437974e-03 5.599999999999999423e-02
1.797758629751378123e-02 -3.590541377915701382e-03 1.233760706815516528e-01 7.571177635954384755e-03 5.133333333333332804e-02
5.339035067647657229e-03 -5.039410998795790242e-03 1.431094212240857644e-02 1.182764115167245222e-02 5.233333333333333587e-02
-1.328062532488516467e-03 -4.074798198132056903e-03 -1.217658284105027633e-04 -6.667355259590834748e-04 5.533333333333333159e-02
-2.300731400920241754e-02 -4.600146575656327563e-03 -1.301907836813471775e-01 -8.051745674264587649e-03 6.266666666666666219e-02
-2.610507527419514417e-02 -5.518384455981961700e-03 -1.181150741881724642e-01 -1.728989130664881912e-02 6.800000000000000488e-02
-1.794862852369227824e-02 -5.239576381480648415e-03 -6.486322364941177199e-02 -1.174029951012478534e-02 7.000000000000000666e-02
-1.205857484486294595e-02 -5.075887333992556982e-03 -5.348984845888971051e-03 -1.643378110397719638e-02 6.766666666666666663e-02
-3.010791959910719129e-03 -4.406175826577540811e-03 -5.094296773201278938e-03 -6.446510990729237278e-03 6.199999999999999956e-02
3.474323763981601587e-03 -2.508889994674023960e-03 3.053980360774222191e-02 -6.074762246202958238e-03 5.633333333333332554e-02
2.500088961349788974e-03 -6.055541768899330712e-03 5.103938372230665266e-03 -4.383678307021021681e-03 5.533333333333333159e-02
-1.507375033860114399e-05 -5.611224182891727530e-03 3.869677368085078228e-03 -7.151851486357330145e-03 5.566666666666666291e-02
-8.422066284248685974e-03 -5.726984345705399271e-03 -4.440954372896133151e-02 -4.216507482421860686e-03 5.533333333333333159e-02
-9.900975727809679938e-03 -3.285666534628695068e-03 -1.216908970828889380e-02 -8.925953096184713331e-03 5.766666666666666469e-02
-9.733630045593244517e-03 -6.016346126782479153e-03 -1.577094904872922143e-02 -1.112654603959661870e-02 5.733333333333333337e-02
-3.393971653350646989e-03 -6.461758721847732367e-03 -5.087901721913645758e-03 -9.579127488162697546e-03 5.500000000000000028e-02
-9.446707381359331634e-03 4.225105593641531598e-04 -1.281270078121288236e-02 -1.351377932064679044e-02 5.566666666666666291e-02
-1.344725020310022501e-03 -4.501099657390095210e-03 4.091668844943718852e-03 -6.431013426457354853e-03 5.466666666666666896e-02
-2.905950108466726078e-03 -5.275157068013291983e-03 -1.927572500993779414e-02 -1.595418453923080904e-03 5.200000000000000455e-02
-2.837178743765988997e-03 -3.648450992295937390e-03 -1.577185374443246246e-02 3.897916115978006246e-03 5.000000000000000278e-02
-1.271279951515325024e-02 -3.123250364902019349e-03 -2.556466293302150916e-02 -6.078599809328899539e-03 4.966666666666666452e-02
-1.706534699801309785e-03 -2.659124422280778610e-03 4.671371349953279406e-02 3.149983147645585291e-03 4.900000000000000189e-02
-1.370949209279714864e-03 -3.220200144764873151e-03 3.115578290302600806e-02 1.377641341244739692e-03 4.666666666666666879e-02
5.666734619993007982e-03 -3.720501901757322649e-03 4.793448237445296911e-02 5.713915064206709360e-03 4.366666666666667307e-02
1.614086705311201797e-02 -9.209355646316863542e-04 3.792538990655014430e-02 2.081297654525293694e-02 4.099999999999999478e-02
2.798862364563170502e-02 -1.229784615133122649e-03 9.909271887105131071e-02 2.296164902820407860e-02 3.866666666666666863e-02
1.986453884711458784e-02 5.076772471702684086e-04 6.944607591009344105e-02 1.320065704446182764e-02 3.833333333333333731e-02
1.511628612694515539e-02 1.995425750531354403e-03 4.825868296609314712e-02 1.243015313954387580e-02 3.766666666666666774e-02
1.218671534249260446e-02 7.740389025304716952e-04 4.122015513475041359e-02 4.657224284725813845e-03 3.700000000000000511e-02
1.024556454910907632e-02 -3.530778203146289762e-03 4.301400833952584435e-03 -1.225577956828871606e-03 3.833333333333333731e-02
4.283021919881946360e-04 -2.631986215328008250e-03 -4.391568969031744984e-02 8.269787294121755394e-04 3.833333333333333731e-02
-1.291984075166396906e-03 1.836594432706228908e-03 -2.579338972649125594e-02 -5.400673691106305796e-03 3.799999999999999906e-02
-3.219838401109953452e-03 3.242991301559805528e-03 -1.472703797009078386e-02 -1.044236755853145127e-02 3.899999999999999994e-02
7.302381332666030289e-03 3.371423560961983590e-03 -4.716499012485719788e-03 2.109309426501226881e-03 3.733333333333333642e-02
1.482597156982023989e-02 2.811779751666354521e-03 2.335256030807109084e-02 6.503432429573408058e-03 3.566666666666666596e-02
1.312981853653383268e-02 2.123468809770767685e-03 -1.344888296572488429e-02 1.453692554458729802e-02 3.533333333333333465e-02
9.028798475377186605e-03 6.371248725678957392e-03 -1.153625659557988570e-02 8.700590108134953482e-03 3.400000000000000244e-02
1.622028674502118406e-02 2.647874116617932039e-03 3.695551797774943026e-02 9.651049706227432523e-03 3.400000000000000244e-02
1.145581812899898466e-02 5.011837177521738518e-03 2.244351069097039186e-02 6.021575862252603883e-03 3.433333333333333376e-02
9.957570683139849166e-03 6.276453703266349216e-03 3.398585898350159340e-02 9.972672326998832659e-04 3.566666666666666596e-02
-1.975850165020887061e-03 5.133325189328297178e-03 -2.410890926591413574e-02 -7.719430707391339297e-04 3.566666666666666596e-02
-1.118542372242714578e-02 6.312479305217721937e-03 -6.315781363341521626e-02 -4.252948445903292907e-03 4.166666666666667129e-02
-1.678513125907699077e-02 6.163452500581922955e-03 -7.002063494865584659e-02 -9.217024056122014031e-03 4.766666666666666274e-02
-1.531283593966925594e-02 4.825386704189194020e-04 -6.323231514304783474e-02 -9.976066354312251860e-03 5.166666666666666630e-02
-3.301619428643398635e-02 5.432893482575473776e-03 -1.274830158765318799e-01 -2.216529692645785588e-02 5.833333333333332732e-02
-1.400156881066294545e-02 7.474992920148193498e-03 -2.722152577957714925e-02 -1.264697032188433212e-02 5.933333333333333515e-02
-1.577175722128565383e-02 5.405269052477845726e-03 -9.467751572726612608e-03 -1.293444907851082348e-02 5.900000000000000383e-02
-1.549494148357233314e-02 2.417247323112214907e-03 -7.730156227502504862e-03 -1.435738192357760568e-02 6.033333333333332910e-02
-2.012835394816647749e-02 5.885545614062737130e-04 -4.531859019030992641e-02 -7.183445851005387794e-03 5.933333333333333515e-02
-9.912106726988056948e-03 7.682233898249291038e-03 8.365238556423904015e-03 -3.274119332944636085e-03 5.766666666666666469e-02
5.429784858749897580e-03 -1.576437016825749104e-03 5.380434045969018086e-02 6.533666067030097224e-03 5.700000000000000205e-02
7.108538360901306419e-03 1.665619512319804763e-03 5.856940381971398324e-02 1.291865002478331803e-02 5.566666666666666291e-02
1.617594220807916372e-02 4.935655148752826626e-03 5.608071656410018591e-02 2.736296408013672021e-02 5.366666666666666807e-02
3.321852293437110859e-02 3.882579471856772990e-03 1.049687692662431004e-01 3.693060480185295091e-02 4.933333333333333320e-02
3.736162426094402633e-02 7.442155622299773121e-03 1.393736758373274043e-01 2.820490172645051530e-02 4.933333333333333320e-02
2.493016933102154553e-02 1.121748603864880511e-02 9.581082505712945618e-02 2.366716447154715297e-02 4.800000000000000100e-02
2.735445426299421001e-02 1.201252137405106613e-02 1.247862349957111761e-01 1.280697070839842411e-02 4.766666666666666274e-02
1.224486807178593040e-02 1.116116112054321707e-02 6.039750730697157621e-02 -3.772063980255424553e-03 5.133333333333332804e-02
8.135346552334610237e-03 1.581672751916507469e-02 5.101050428096609579e-02 -8.022439390643398838e-03 5.200000000000000455e-02
-8.357904614591404879e-03 2.090079597251082166e-02 -7.679621630344968253e-03 -1.165002643005230709e-02 5.633333333333332554e-02
-1.922609369439065574e-02 2.134384991616056215e-02 -7.493465499358364923e-03 -3.420577166681582071e-02 6.600000000000000311e-02
-3.840034813451076445e-02 1.472521723102782065e-02 -1.896986824407971284e-01 -3.373635526333984558e-02 8.266666666666667995e-02
-3.795369223724343044e-02 7.175877816779085983e-03 -2.274934097954419698e-01 -2.514734766579707070e-02 8.866666666666667140e-02
-2.902648324873879915e-02 9.968118418262617020e-03 -1.615858412800479371e-01 -1.905006650052953887e-02 8.466666666666666785e-02
-2.333657383652365525e-02 8.853395133421870788e-03 -1.440443968971703015e-01 -1.667650288196220743e-02 8.300000000000000433e-02
-8.930118189104163662e-03 2.658673404008493613e-03 -6.309317011263892994e-02 -5.116151705761851076e-03 7.733333333333333726e-02
-9.519058376810107802e-03 2.430944324908534959e-03 -3.645649249449522955e-02 -4.217195245873384124e-03 7.566666666666665986e-02
-1.272002395378812878e-02 5.132671869697458256e-03 -4.598854754292958091e-02 -1.912253196824309498e-03 7.733333333333333726e-02
-1.362976683089733854e-02 9.891733590235873841e-03 -5.216594904427918067e-02 2.871630764641253108e-03 7.766666666666666163e-02
-1.051439869138981464e-02 8.279446584405047993e-03 -2.088644440861742169e-02 6.164605801217248882e-03 7.499999999999999722e-02
4.623867595512365369e-04 6.250805656962676871e-03 3.423197717499881776e-02 3.741038942566277115e-03 7.133333333333333193e-02
9.597355556808295773e-03 4.557834562548213064e-03 6.965453822695621966e-02 5.479626953889038532e-03 6.900000000000000577e-02
1.422809592156681902e-03 1.380563906885223791e-02 3.074832277650418888e-02 1.291113413456912440e-02 6.666666666666666574e-02
-3.202693753740604166e-03 7.111768989544686725e-03 3.721362089578761356e-02 1.141341789739236390e-02 6.333333333333332482e-02
2.708024449244561538e-02 1.044683793607126265e-02 8.817280018593010027e-02 2.553990733466093843e-02 5.999999999999999778e-02
2.924899029568983622e-02 8.909990433835113244e-03 1.059701073042944586e-01 2.303109944972447920e-02 6.033333333333332910e-02
3.534963660949763664e-02 1.312408193619740704e-02 1.190827713835895807e-01 2.463092911758657522e-02 5.900000000000000383e-02
3.047678244605300790e-02 1.003540404629410521e-02 1.122219053427313540e-01 2.359244092285628369e-02 5.866666666666667251e-02
2.519599257221827315e-02 1.622386464483549506e-02 1.039923145465522225e-01 1.717625634639752263e-02 5.700000000000000205e-02
2.621033178283482812e-02 1.345760566775455747e-02 8.078608928897423880e-02 2.136269363387555131e-02 5.866666666666667251e-02
2.297308455954727435e-02 1.206779315936057362e-02 5.761951422394773203e-02 1.859446221411076294e-02 5.966666666666666646e-02
2.064859693453868772e-02 1.289937314084810271e-02 4.623835756240435302e-02 1.172199349971059235e-02 6.300000000000000044e-02
-5.189684985804632333e-03 1.403810391466076002e-02 -4.655431586334124461e-02 -1.635047072330308993e-02 7.333333333333333370e-02
-1.192514568997005142e-02 1.507282205275040088e-02 -1.184500505019716599e-01 -1.100096641931003205e-02 7.666666666666667462e-02
1.275155997221943949e-03 1.957414644226684874e-02 -3.288063912033045710e-02 -3.345735035123809098e-03 7.400000000000001021e-02
1.658710338990765365e-02 1.698819094311343481e-02 5.200984024643950931e-02 -3.818961261320197309e-03 7.433333333333333459e-02
4.010673618035198729e-03 1.089788996949503375e-02 5.523674162390967979e-03 -9.984114022284273915e-03 7.400000000000001021e-02
1.002112994836501514e-02 1.015050544888140838e-02 5.550735973870235540e-02 -1.229863919758855673e-02 7.400000000000001021e-02
-7.344167259450529173e-03 1.088153968389227177e-02 1.392425320871826244e-02 -2.654143961134458607e-02 8.233333333333332782e-02
-3.016034424561198080e-02 6.221227894559810956e-03 -9.596072324763760264e-02 -2.709545280180059024e-02 8.833333333333333315e-02
-3.107180288074040675e-02 4.292839220597088890e-03 -1.043920543650580512e-01 -3.104328629714103727e-02 9.433333333333333848e-02
-4.148367774848615852e-02 6.620177546831418347e-03 -1.222795917574952540e-01 -3.146750370117068485e-02 9.900000000000000466e-02
-4.781441486950477326e-02 3.355596327551446656e-03 -2.125240975804700838e-01 -2.200346624831972520e-02 1.066666666666666596e-01
-4.262582284538929400e-02 3.662921433061905319e-04 -1.894063628542808075e-01 -2.140728154891569091e-02 1.036666666666666708e-01
-2.839230503799328176e-02 -9.362556610507111188e-04 -1.167963277387960019e-01 -1.131506119863878723e-02 1.013333333333333308e-01
-1.779738933771035647e-02 2.741374569815602236e-03 -6.939332365374628608e-02 -3.811640882760869431e-03 9.366666666666667584e-02
-6.588154880502017363e-03 -3.495400561263073413e-04 9.340624911480688297e-03 1.630714326271487380e-03 8.533333333333333048e-02
3.543392362130859397e-03 2.905742595150972996e-03 8.705602039140192261e-02 -4.043661100752160564e-04 7.866666666666667640e-02
1.114615759648884818e-02 6.977751435522927537e-04 1.044916496965981878e-01 3.079081204409916950e-03 7.433333333333333459e-02
1.093242593084475800e-02 3.948248338240256672e-04 1.115957053796927667e-01 -8.603269614937403276e-05 7.433333333333333459e-02
8.741629942729645109e-03 -9.885540853561414210e-04 8.471373634839096667e-02 2.136543810287605538e-03 7.299999999999999545e-02
8.423459433220870096e-03 3.755935228414331029e-03 4.371778177831497914e-02 8.049126028021547086e-03 7.233333333333333282e-02
7.302816288254021515e-03 -1.511264655620236930e-03 4.812425483851878738e-02 6.476741542902786364e-03 7.299999999999999545e-02
1.252882104683905595e-02 -1.897420408833894179e-03 2.958390182531100976e-02 1.465192434471163097e-02 7.200000000000000844e-02
9.855558752944304501e-03 -1.913347349467797720e-03 5.490174409398740352e-02 6.491548842310734813e-03 7.033333333333333104e-02
9.032276192158406047e-03 -2.807812381441343597e-03 4.457601775583253101e-02 4.368850624183906461e-03 7.033333333333333104e-02
3.688759313389411432e-03 -3.689407545304113079e-03 1.776587612002877847e-02 5.108997071751275598e-03 7.166666666666667018e-02
3.927922309234332943e-03 -3.653974772142354333e-03 -1.790400388654500574e-02 1.289390403526802231e-02 6.966666666666666841e-02
-5.170069664330867454e-04 -2.121643889444135844e-03 -2.257405881331298048e-02 9.365787704084027609e-03 6.833333333333332926e-02
-2.973874971475609641e-03 -4.459849762911138882e-04 -2.900551308605336942e-03 -1.267264110555998968e-04 6.600000000000000311e-02
-1.034283443949846060e-03 -1.000858051484754263e-03 -8.660235661426263221e-03 4.288324072996729797e-03 6.266666666666666219e-02
-1.007509029500752717e-03 -4.456934308038063008e-04 -1.414257297376675382e-02 6.744707076656197842e-03 5.999999999999999778e-02
6.602405656005672085e-03 5.595859617454346235e-04 4.677714212422756646e-02 7.412300800879734197e-05 5.833333333333332732e-02
3.711498780031519118e-03 1.482880995032909155e-04 -6.785586887602335082e-03 9.249134514078605207e-03 5.700000000000000205e-02
8.617053182703671155e-03 1.938852041057814724e-03 1.296812224015209125e-02 8.423478305918052911e-03 5.466666666666666896e-02
6.444361752199867510e-03 4.030511286638671642e-03 1.526917492498736095e-02 9.109481050009193837e-03 5.466666666666666896e-02
1.197638551425761477e-02 3.060592621629831811e-04 2.768493509302327737e-02 1.299004915455981291e-02 5.333333333333332982e-02
1.469230579786362512e-02 3.252819288001362885e-03 5.866737621561579630e-02 1.039032420086449804e-02 5.200000000000000455e-02
1.550741407069011757e-02 2.605185912181284813e-03 4.711242736106768803e-02 8.175511621979936194e-03 5.233333333333333587e-02
1.621856384481112912e-02 -4.639532711946392496e-04 3.655699221872943383e-02 1.140149354808528415e-02 5.233333333333333587e-02
1.187589855019766105e-02 -7.459629402134515530e-04 2.771797176905366200e-02 9.382600845928124045e-03 5.366666666666666807e-02
1.654704829441833169e-02 3.300255363072879256e-03 3.593417185811542680e-02 1.169457212614410935e-02 5.299999999999999850e-02
1.438743927148067314e-02 2.579854263515479751e-03 3.457638626251835490e-02 8.738784054269643775e-03 5.333333333333332982e-02
8.764791314574083003e-03 1.209956232636089091e-03 1.275189184807690168e-02 6.774896603614521950e-03 5.700000000000000205e-02
-5.574578435570742840e-03 -1.393476115655323255e-04 -4.729126524552018651e-02 -6.763312999227721889e-03 6.133333333333332998e-02
-1.602967376676112110e-02 2.237770345066558697e-03 -8.470451882891083528e-02 -1.616993747136952209e-02 6.600000000000000311e-02
-1.408383222428177817e-02 -8.509030011388807324e-04 -8.926490563400335532e-02 -1.384365474957860442e-02 6.833333333333332926e-02
-1.516381342167427704e-02 -3.629319852128665147e-04 -7.539040475033420563e-02 -1.514492867538308474e-02 6.866666666666666752e-02
-1.680170250127055454e-02 -2.295338476259067839e-03 -4.762739494302525856e-02 -2.172791784462191345e-02 7.099999999999999367e-02
-1.121024129861858398e-02 -3.395920969166410508e-03 -7.460901339574022018e-02 -9.604506024217585036e-03 7.366666666666667196e-02
-6.575054889285780746e-03 -1.323588548615695082e-03 -2.921421126411871683e-02 -9.461247728149047020e-03 7.599999999999999811e-02
-3.425932876606196942e-03 -2.932011317765215175e-03 -3.225261434027260066e-02 -5.578988539387097489e-03 7.633333333333332249e-02
-1.851917823927351492e-04 -9.440304533899768202e-04 -1.441153875505385429e-02 -8.441638366747383770e-04 7.366666666666667196e-02
-5.265101045363707044e-03 -2.008049397149824777e-03 -4.709652424135235549e-03 -4.350629181542942092e-03 7.133333333333333193e-02
-6.499892154140596290e-03 -1.623523422195183308e-03 -1.365716639676772814e-02 -2.921013347926049164e-03 7.066666666666666929e-02
-9.025130492485544664e-03 -1.673782053197903075e-03 -3.603562940087901012e-02 3.499376111122387556e-04 6.800000000000000488e-02
-3.381151791005621021e-03 -2.478017978887137041e-03 -1.460218044896599565e-03 1.273305536219737633e-03 6.633333333333332749e-02
-1.464211636333700994e-03 -2.846382952341186545e-03 1.902662146908884466e-02 4.591713949487541413e-03 6.566666666666666485e-02
4.054815215164708775e-03 -2.706513944894850532e-03 4.882886709802480851e-02 4.057152901843608106e-03 6.199999999999999956e-02
1.671156603443080257e-03 -2.284895306911116641e-03 1.359258787773498511e-02 3.331483520103262208e-03 5.999999999999999778e-02
4.495827282612552267e-03 -2.192832833030400330e-03 3.473416130468365282e-02 5.424620784383549221e-03 5.633333333333332554e-02
-7.567546567379679345e-04 -1.955373497896650825e-03 2.585146106842284297e-02 -7.289555459077945443e-04 5.466666666666666896e-02
-6.130902262563964200e-03 -3.291480049247730300e-03 -1.510706742030976102e-02 -7.886880312675259574e-04 5.666666666666667074e-02
-6.664469988811205781e-03 -2.939671747414052128e-03 -4.146032706909785759e-02 -8.291642911490981760e-04 5.666666666666667074e-02
-8.837804846223207278e-03 -2.764287396956333076e-03 -3.763138326277548629e-02 -3.205338937737778338e-03 5.566666666666666291e-02
-1.172671315619489008e-02 -2.276875361474473003e-03 -4.348173337145944117e-02 -3.530545538898977043e-03 5.533333333333333159e-02
-4.009604384494380724e-03 -3.885083829374358366e-03 -1.740718572816568610e-02 -2.500342092636387292e-03 5.500000000000000028e-02
-4.536172236839774996e-03 -4.862784794588903559e-03 6.299340010224696584e-03 -6.459652487340150628e-03 5.266666666666666718e-02
-3.877083682365167761e-03 -2.613332929032430307e-03 -1.529605139348255705e-02 -8.801769352645649747e-03 5.333333333333332982e-02
-6.224222477692720190e-03 -1.492004850840777941e-03 -1.507241911757528641e-02 -8.664638693517190404e-03 5.233333333333333587e-02
-1.249601055906879310e-03 -4.979158676674422246e-03 1.784418911511753691e-02 -1.467485528017142826e-02 5.000000000000000278e-02
1.380507816577392077e-03 -4.115766350977323462e-03 1.517569506189619943e-02 -8.410579848188604046e-03 4.866666666666667057e-02
-9.017462877345394645e-04 -4.358005525232022670e-03 9.381744066283559391e-03 -7.452044935556401128e-03 4.666666666666666879e-02
-1.022760760827523541e-03 -6.048629780110004184e-03 3.375360873286936680e-02 -8.140844636828958869e-03 4.633333333333333054e-02
-1.257514546432858538e-03 -5.593673442091051662e-03 8.569707309457719191e-03 -1.650738328530465537e-03 4.400000000000000439e-02
1.968453175374307307e-03 -3.950695795731262727e-03 1.739856598753153349e-02 3.633432188738794366e-04 4.533333333333332965e-02
8.630904666839356310e-03 -4.557600988985277546e-03 2.864714190133543781e-02 3.910986298404139916e-03 4.433333333333333570e-02
7.151215453582437931e-03 -2.694272223635940655e-03 4.119601996162369772e-02 2.399386212545095987e-03 4.299999999999999656e-02
6.147698123577072238e-03 -4.332404789366584019e-03 2.764151223613797725e-02 6.206254685885426170e-03 4.266666666666666524e-02
9.678927751124888346e-03 -4.069153884795340126e-03 3.905558553731669491e-02 6.726624621318677555e-03 4.233333333333333393e-02
1.817533645573909951e-02 -3.113297705189643771e-03 5.581634453928163708e-02 1.071012901454437838e-02 4.066666666666666347e-02
1.263786572350689141e-02 -6.144215778591810562e-05 3.571170229442444111e-02 1.540383505680509302e-02 4.033333333333333215e-02
2.319613756174554453e-02 -2.028448769208934799e-03 8.378764829981477646e-02 1.476983119620278728e-02 3.933333333333333126e-02
1.652260683299111577e-02 -1.219950575704564777e-03 6.221461131282790546e-02 1.448867043932899890e-02 4.000000000000000083e-02
1.457410056237762319e-02 -2.326314195279066688e-03 5.475280914036240176e-02 1.363051193013475881e-02 3.899999999999999994e-02
4.340361533341052791e-03 -1.415890877245806756e-03 2.930657827748817112e-04 8.352538022178279675e-03 4.233333333333333393e-02
2.433482509607287625e-03 -6.421212478547877467e-04 -1.007959244557099510e-02 1.638676147804218886e-03 4.400000000000000439e-02
-7.776100526983853456e-03 -4.411766862486898866e-03 -3.443844861955724923e-02 -3.792942132234244923e-03 4.833333333333333232e-02
-1.193718337856530809e-02 -4.659839145673472238e-03 -9.099941291441471236e-02 2.466393392463572809e-03 5.500000000000000028e-02
-9.631740557145107573e-03 -4.479559627433515878e-03 -6.220263749087262539e-02 -3.284953386790689933e-03 5.700000000000000205e-02
-1.094765216606674585e-02 -3.959044026380253989e-03 -5.857896645992344276e-02 -6.788400769721647521e-03 5.833333333333332732e-02
-1.289073567412302168e-02 -3.233041637935030188e-03 -6.527215694458110562e-02 -8.293235301858103981e-03 5.733333333333333337e-02
-1.905251058409973552e-02 -2.283211401924112316e-03 -7.382329035498180758e-02 -1.130088600308631896e-02 5.866666666666667251e-02
-2.069155213800222270e-02 -1.534427097546475771e-03 -7.235998162299051017e-02 -1.516493138283792064e-02 5.866666666666667251e-02
-1.826522099350569306e-02 -4.482536615667220836e-03 -7.422837600489007315e-02 -1.224527268145969572e-02 6.133333333333332998e-02
-8.454988474387192809e-03 -2.154892762493587632e-03 -4.665869737683792096e-02 -5.645232357641916110e-03 6.133333333333332998e-02
-3.590740507641854151e-03 -2.952022795112418940e-03 -1.906689884865642171e-02 -5.812895465474809953e-03 5.833333333333332732e-02
-4.545496755893552177e-03 1.006036505622476263e-03 -2.531189613366091606e-02 -3.888538973974675628e-03 5.700000000000000205e-02
-3.824937172986153655e-03 9.874979291139007742e-04 3.456403025212217983e-03 -4.994370331830921828e-03 5.599999999999999423e-02
-1.215767179246540763e-03 -1.544206679081283617e-03 1.302863778314566900e-02 -2.853499698192152323e-03 5.433333333333333764e-02
1.135359803020818958e-03 -6.928257704789109184e-04 2.815420355026532206e-02 2.116280043011897760e-04 5.433333333333333764e-02
5.707829286752286180e-03 1.538942900398354574e-03 5.241934031642436764e-02 9.476022401564421216e-04 5.299999999999999850e-02
5.149498756905401819e-03 -4.442132168337442621e-04 3.705295852625489772e-02 5.168475459175425613e-03 5.099999999999999672e-02
8.050567380845308207e-03 1.627293358940407053e-03 4.618539112878305986e-02 6.635422632326637427e-03 4.966666666666666452e-02
8.619532269554142090e-03 -1.220272676117906130e-04 7.602902784882115128e-02 4.487291597746079219e-03 4.966666666666666452e-02
1.579474022532423305e-02 1.517094638018301467e-04 9.100461629414535736e-02 1.010586645938182926e-02 4.733333333333333143e-02
1.439717389482986221e-02 3.340412043405516229e-04 8.791335961489377127e-02 1.027980737093692198e-02 4.633333333333333054e-02
1.130872088210210791e-02 -7.265839204982915689e-04 8.271989173971228126e-02 1.137289711522804225e-02 4.633333333333333054e-02
1.552591992621010775e-02 -4.189979770174878659e-03 6.535500307198027770e-02 1.720876966479067960e-02 4.433333333333333570e-02
1.296392785388178481e-02 3.493942621490497835e-03 6.411458882511844592e-02 1.856289972727509507e-02 4.499999999999999833e-02
1.779156182574759271e-02 -2.108665550207944328e-03 8.698177934627615571e-02 1.847417044138310871e-02 4.499999999999999833e-02
2.206879888041335391e-02 -4.218760451668024380e-03 9.106001686323050848e-02 1.981462747288631476e-02 4.666666666666666879e-02
2.353979860026989002e-02 -3.331933401929609850e-03 8.204142762766686303e-02 1.832838516735790790e-02 4.800000000000000100e-02
1.488725516812472449e-02 -1.979482194720438848e-03 5.934611068552442248e-02 1.382688146278887587e-02 5.000000000000000278e-02
1.826371926329528605e-02 -2.829683198597776617e-03 5.304346431264050921e-02 1.333007559198406966e-02 5.333333333333332982e-02
1.204298107280976637e-02 -8.545714268718418438e-04 3.618619245012677510e-02 4.078154452175297706e-03 5.999999999999999778e-02
-1.065264301712787187e-02 -6.256410701934611573e-03 -4.627624641279304285e-02 -9.912999631414010082e-03 6.866666666666666752e-02
-2.595556079903360569e-02 -5.208534229499739432e-03 -1.592327054341282633e-01 -1.520061906770919791e-02 8.266666666666667995e-02
-2.875458957365673029e-02 -9.350414987965627311e-03 -2.137236309854939620e-01 -2.161309183384041432e-02 9.300000000000001321e-02
-2.709529993420112248e-02 -7.900310969647050818e-03 -2.165590084180042396e-01 -1.755210656478212172e-02 9.633333333333332638e-02
-1.927224183786968581e-02 -4.720674782034861572e-03 -1.355585839586144203e-01 -1.979115260236063989e-02 9.933333333333332904e-02
-1.700219728932061969e-02 -4.162206001910973008e-03 -1.019968920561735715e-01 -1.675763520970718901e-02 9.833333333333334203e-02
-9.694279502939551207e-03 -3.253029531511741901e-03 -5.220371747240015736e-02 -1.117208105660161266e-02 9.633333333333332638e-02
-5.538961045417067908e-03 -3.124644105476526157e-03 -2.289372167995384899e-02 -7.460073424848445711e-03 9.466666666666666285e-02
-2.096374941839229677e-03 -2.566413553024893268e-03 -3.651777818790602481e-02 -2.356865590336099103e-04 9.500000000000000111e-02
-9.071155541631625852e-03 -3.275796782246209737e-03 -6.172690395360902471e-02 1.576943971262068089e-03 9.033333333333333492e-02
-5.191498825977802767e-03 -4.212371601320930026e-04 -3.199048532246262511e-02 1.658510588740114144e-04 9.066666666666665930e-02
-6.709820601839666665e-03 -1.658182678980657521e-03 -3.886164902372168939e-02 8.556331373146264241e-04 8.999999999999999667e-02
6.174739680258056751e-04 -6.245189925384031504e-03 1.992925497015551883e-02 3.209864446951371519e-04 8.633333333333333137e-02
3.134272993465359036e-03 -2.410899445231762250e-03 3.130361436757311822e-02 2.208890734411994572e-03 8.266666666666667995e-02
3.482867306416892461e-03 -3.124369470517307512e-03 4.284699447199002975e-02 -4.659094621377590784e-04 8.199999999999998956e-02
1.709093013975149233e-04 -2.310621661655409831e-03 2.672923884473998868e-02 -2.442801975881536691e-03 8.033333333333332604e-02
-4.301120495014743028e-03 -3.641136421231983000e-03 5.059790088907334393e-03 -4.526290502363750079e-03 7.799999999999999989e-02
-2.203445599203490701e-03 -3.779615261498725509e-03 2.349192821696544087e-02 -4.965881072161337784e-03 7.733333333333333726e-02
-5.326565602752353357e-03 -5.604147926650759892e-03 2.175268506908256683e-02 -8.289859270330879326e-03 7.533333333333333548e-02
-2.824939789917380040e-03 -2.868528502371403555e-03 3.942348501190817700e-02 -9.259720312554620136e-03 7.233333333333333282e-02
1.567987075691945620e-03 -2.538464413758823035e-03 3.894443717288798013e-02 -6.749227489230236188e-03 6.933333333333333015e-02
-6.161864537666872366e-03 -3.535769250280984544e-03 1.081055059645308347e-02 -8.074000641528300548e-03 6.666666666666666574e-02
-4.286525777850158647e-04 -2.061311593326009550e-03 3.419946982476407271e-02 -5.873756711856970014e-03 6.233333333333333087e-02
6.689139974831448399e-03 -3.136241230003000702e-03 4.893816399579975496e-02 -2.742751560729672633e-03 6.099999999999999867e-02
6.050417441416655606e-03 -6.234042737120915056e-03 3.380095264666760357e-02 2.907469419850983172e-03 5.700000000000000205e-02
8.365965036453815173e-03 -7.853832516870773439e-03 5.324408128905577797e-02 5.109045166715731057e-03 5.566666666666666291e-02
9.465916195907198016e-03 -2.297862058166066923e-03 4.448829971900281066e-02 5.571999720023868008e-03 5.400000000000000633e-02
7.849207929050194821e-03 -4.319501542708770181e-03 3.912848370650756635e-02 5.360303508389563376e-03 5.099999999999999672e-02
3.405095337390307009e-03 -5.623886015304946362e-03 1.342922697793813569e-02 4.868097462304987744e-03 5.000000000000000278e-02
-7.994188873237106918e-04 -7.055889369662948774e-03 -6.153215406352607886e-03 2.235205684030461271e-03 4.933333333333333320e-02
-9.159781991421311886e-04 -1.666450429950727674e-03 -2.207208378267289106e-02 4.402719007744693158e-03 4.866666666666667057e-02
2.895352189327127235e-04 -4.279073178879655437e-03 -2.486409662659827546e-02 4.154622517431150186e-03 4.933333333333333320e-02
-1.005416305931206011e-03 -2.658107450913660408e-03 -1.315705134585964942e-02 4.155630418647859869e-03 4.733333333333333143e-02
-3.591862120503108713e-03 -2.736416994183143991e-03 -2.467974539436568193e-02 1.709425664611075035e-03 4.666666666666666879e-02
-1.719363048106714587e-03 -5.173133552653808032e-03 -2.362822648539886217e-02 2.531777189441086762e-03 4.333333333333332787e-02
3.814790856573324618e-04 -2.517740296862469584e-03 -1.448158806877497540e-02 6.654691688243730141e-04 4.299999999999999656e-02
1.829718573741700993e-03 -1.878969384887851923e-03 -1.137414910610345942e-02 3.353862346346048184e-03 4.099999999999999478e-02
1.085228480050659527e-03 -2.234398093542977470e-03 -1.785313542821853616e-03 -1.721655829436841145e-03 4.099999999999999478e-02
